0.794230354654668 0.169179517381439 1.45514866482336 -1.09645398865752 0.468117495890515 -0.343081539554973 -0.505095147309865 -1.03669765902785 0.619338081367476 -0.267250265711012 -1.84903475493724 0.0399809468806644 0.534072090897129 -0.249355947350413 -0.282922890537984 -1.23855184760859 0.411958872130494 0.330648437289261 -0.581107493939958 2.6268770733204
1.76178752125211 0.69724640618681 -0.534187023607735 0.438737017533702 0.615200852462205 0.496601567330361 -0.540403438101655 0.561277823396795 1.05411392784881 0.750774850944922 -1.00303682793238 -0.422409209939139 -0.226051352769662 -0.302142415854203 -0.305279786482084 0.253795799350717 -1.44606157520626 1.49536229890183 -1.11686801516387 -2.22845842015128
1.46710813006763 -0.434456496922818 0.488723852105476 0.464251047922876 1.58790172712065 -0.470431952223997 0.0164210746805403 -1.37688779171405 0.0363642671124218 -0.517750702777087 1.40737483839467 0.21973329238207 -0.533390679551394 -1.24619541569902 -0.956427006619269 0.540974012481321 0.896708129150301 -0.332407273864454 -2.13163206340192 0.874019011356048
1.27551057450538 -0.101370907955992 0.299150889279907 0.340283939298866 -0.0669677761328534 -0.77918973983043 2.72374073752632 -0.197588494705028 -0.107840208306932 -0.201810602646931 0.616321608611544 0.526310920533246 -0.626961093666097 0.109598542859919 -0.55039707806089 0.19424985533094 0.956232071911409 -1.44636219513783 -1.13696509862441 -1.82594594479014
0.454287602513406 -0.659327001628556 0.661646107975383 0.313862701338042 -0.592900360672892 0.651621402652902 -0.804541851807822 -1.38637180524246 -0.495647715292582 0.574972871941658 1.20821423763697 -0.90668323028466 -0.376725689271079 -0.866177206705999 0.0668308237155406 2.26066366126948 1.16383788394685 0.539622143543131 -1.98366927413456 0.176484698507248
1.68072961346087 -0.14535945956832 1.02670744578212 -1.02255663782277 1.26719626544203 0.121520146166693 0.373544038246369 0.846647213918877 0.264938219747166 -0.149965016491441 -1.02281110896357 -0.821032134226691 0.563157542560485 1.01080150343361 -0.540093550538032 1.11475082589434 -1.54278546026197 -0.435240611515249 -0.599676451977813 -1.99047238328671
0.738418074398397 -0.531544101897882 0.270718067887619 1.08787502068278 0.992201843604465 0.520579337989621 0.317101809209452 1.22905960532848 -0.486179266594368 -0.950795564401517 -1.3452081639863 0.709584772480253 -0.482516919686277 0.631441032249419 -0.405917566562676 2.0013288687258 -0.182038232403478 -1.09110274222741 -1.491493075688 -1.53151279910838
0.124599047986554 1.35857989070141 0.809930313920763 0.610481420670864 0.12704671407501 0.308743156535696 -0.0779642541971913 0.844207402564339 -1.07660471678666 -0.915842649856006 0.560121238769608 1.33023977647984 0.554597414621833 1.03206254979131 -0.591767795668249 -0.106744819659274 -0.517854872970961 -0.0879855182234389 -2.09680602328888 -2.18903827546657
0.772217440066646 -0.177370338973515 -0.539820216025804 0.385329257104493 -0.482000217563293 -0.309217935359925 1.05848656035374 0.282384441361075 -0.477269475159126 -1.57009171148128 -1.46246635485838 -0.20218035671485 0.133510694854368 0.506357795630858 0.768899509103949 1.28174260747576 1.58731415066969 1.04306252401974 -2.30906094134224 -0.289827433161902
0.448074656033914 -0.0702194140255132 -0.701102273730283 0.256675160426062 0.169907156999993 -0.0912180733973037 0.431042455486518 -0.31596439425869 0.610613025059793 -0.00886240985439872 2.14964746561389 0.369146859746963 0.74066390133286 0.723212920923887 0.511202365970726 -0.222145042453017 -1.09851201437837 0.185251069706678 -1.09316632318551 -2.9942470920182
-0.912427359696025 1.43718294004262 -0.31752698273306 -0.690681148469576 0.377917058526646 -0.870425078672986 0.933003540347667 -0.432533710910916 -0.897458711212036 -1.07956892853483 1.84528707380826 -0.305054237513954 -0.620149845556461 -0.357996974056833 -1.28372156259362 1.5625756916473 1.66566887065813 -0.0885489390711075 -0.579349828791336 0.613808132782124
-0.896356809584899 -0.111890815767518 -1.17581961612425 -0.367488042222642 1.38118208215326 0.26109254654025 -0.3965386074608 1.28689844165544 1.99639317574707 0.644993513512616 1.56891472744393 -0.921330513521839 -0.165433641566135 -0.280167052981937 -0.265175317811139 0.369851009622757 -0.451372549978795 0.177884543145363 -2.06631107792049 -0.589325994880239
0.325160192785417 0.0343624393647894 -0.145340806053669 0.0590665546796379 -0.0151105955338873 -0.396552582160834 -0.418344930858641 0.206657181936765 -0.224506918780731 -0.170990000091987 0.805854260329965 -0.311645310290958 -0.653243127206409 -0.158277020213777 -0.113088498312997 -0.402055843108541 -0.592757822621337 -0.250609077263489 -1.40607004941696 3.82749195281764
-1.50648248941384 0.031188760372978 -0.33501687017004 -0.85532709800761 0.763474447346983 1.6915440110144 -1.15950122182921 0.384624537637103 -0.214965803103144 0.515999113164297 0.993143776366836 -0.286180146757482 0.592359909098132 -0.0984946176931104 1.30337033160869 -1.2777166568377 0.718958390092786 -0.328996988296226 -2.01793530296659 1.08595391837276
-0.494379112884841 0.119993595472168 -0.519432792271444 -0.0636774401369459 -1.30351331711472 1.95911883351768 1.38474472751404 1.98129160834153 -0.0835148906956003 -0.669566504771972 -1.80412819395814 -0.624507682822836 0.00986459636913955 -0.0243336069907972 1.04670991604724 -1.30312543510007 -0.0370103955712745 0.140070263369176 0.398308332120256 -0.112912500432606
-2.19773523411195 0.342638431450673 0.115774538540672 0.84245444254692 -1.82194012359344 0.0892825347642766 -0.881280507615181 0.214636020672703 -1.30743277300537 0.0811946140311007 0.052645095340256 -0.351027417424454 0.0157898070552224 0.84678590874487 0.0115708534604297 -0.105557193401584 1.69367109746739 -0.121762914887982 0.670298416779187 1.80999440318626
-0.520825703305241 0.633083959104954 -0.780202804688846 -0.365336942542388 -0.620018804378348 0.96283622370562 -1.55542839415109 -0.51891771587076 2.05471344726904 1.62250102204898 -0.776460300264608 0.992937798985137 -0.0936233149753915 0.0320202114993174 0.847273007009486 -1.09697718846338 -0.639444477572666 -1.20957455679656 -0.119712594174015 1.15115712756075
-0.292555087066313 -0.412803574734385 -0.217519789748672 -0.0568715611633326 -0.327299536885778 -0.342476119795511 -0.179050646523176 -0.133852726391319 -0.400457456828308 -0.0806156325444275 -0.222241702599935 -0.152869253360212 -0.097846608574714 -0.185276289983328 0.0470911334852879 -0.00446921106494779 -0.270973514861288 -0.331110558221415 4.20210217144158 -0.540904034579801
-2.4123154073217 -0.870229125426421 -0.720079906128474 0.847453630800686 -1.43406406541284 0.508956204913 0.821129787033781 0.510934423054172 0.697358303905213 1.59874126494345 0.826655600051398 0.610746387241763 0.2736723612056 -0.0946573560249366 0.573782651437212 -1.04441439148631 -0.600990841556453 -1.1451329288541 0.294955495271182 0.757497912353774
-1.16803904587232 0.466439524414078 0.112772363616657 0.531027116540946 -1.13040245758688 -0.93994350998109 -1.28829765036971 1.41167760686618 -1.30050579740806 1.66744230463949 -1.53883147875513 0.473837267593154 1.07070273947011 0.53344124561918 1.11357240161619 0.0149642917129966 0.0496130650839891 -1.0491779860964 0.503909730490428 0.4657982684062
-0.557756670019238 0.134479672923703 -0.519147418239108 -0.296131817724102 0.0171742663057425 -0.548791872872168 0.455719476025289 0.495479017936659 -0.0829873171953619 -0.179834696653641 -0.266769079555684 -0.0875057780425271 -0.40237343497962 -0.239747178076332 0.402180408163407 -0.93682555242277 -0.722484179346296 3.931172015553 -0.178494178915871 -0.417355682865084
-0.69132490350813 -0.628203081130856 -0.138926415019221 0.111402074502698 -0.201343896311641 0.970773458408065 -0.302836304696449 0.952813962765268 1.46300327819412 -1.56012061995458 0.895247530165274 -1.30208253842017 1.48864393183489 -1.21460737347488 1.11615255945245 -0.00645305884328844 -0.450109301291807 -0.634265647490374 -1.25508743326474 1.38732377808337
