-0.450964611391913 -0.12240406381374 -0.614021143082044 -0.534291039672882 -0.32364659857695 -0.2540131692534 -0.341359636207616 -0.519352887132463 -0.389884380568867 -0.202392143514322 -0.589804653794527 -0.0120468027779342 -0.354493773055629 -0.188951643252921 -0.213750964540006 -0.567656205713815 -0.29441858172112 -0.246102802298745 -0.374571776762686 -0.348600428392223
-0.672970435338715 -0.418712981978134 -0.354544650046785 -0.308730571810588 -0.388267380491577 -0.337389269103732 -0.357282643311401 -0.366283700911781 -0.523769711201382 -0.436952550612824 -0.510658751637491 -0.300089314669625 -0.170672189454717 -0.227172885842056 -0.229312360334459 -0.192334127342181 -0.612165124730988 -0.622151630909232 -0.539260597281132 -0.751290566478995
-0.616453110995217 -0.306490360482224 -0.333655568897832 -0.321728132560256 -0.640376515559701 -0.32478875889212 -0.00214153821442947 -0.59779855493644 -0.0100702183514255 -0.347172429812079 -0.604183457974823 -0.165563441739613 -0.354191942486642 -0.56937639632432 -0.498249912079882 -0.357532601062666 -0.48164813145408 -0.247234231156541 -0.736060746823261 -0.475110543463771
-0.57591093943234 -0.0603124509026329 -0.22511958802745 -0.252250901780941 -0.030665115583969 -0.446189510460143 -0.392823262314531 -0.147144928943301 -0.0662228573251522 -0.150717395544724 -0.388706346008788 -0.351036385728081 -0.39283941185569 -0.0678377092022616 -0.361628399634443 -0.144300117252689 -0.498197053534708 -0.612226634790255 -0.544091183924157 -0.638958467420404
-0.316723352627123 -0.405049847680445 -0.405904698661711 -0.235093405999334 -0.379385829081963 -0.402190683652223 -0.454194805778072 -0.59979401818977 -0.336939833206411 -0.372034095853632 -0.560759038714127 -0.48448057712304 -0.274439101553166 -0.472819269904085 -0.0305569699697916 -0.756242452548626 -0.550458960420071 -0.356940007122693 -0.711777124833966 -0.128877543163892
-0.658030504625751 -0.100848171126726 -0.516794686993589 -0.515726374830384 -0.574067578057292 -0.0788426056356462 -0.272566089076861 -0.467038851038169 -0.200684147412094 -0.105061767000197 -0.515791961612889 -0.45928973112346 -0.367080072292094 -0.51268331650521 -0.357146792994475 -0.538748179535016 -0.631572917695109 -0.306902048059795 -0.382114652752271 -0.712921332399652
-0.432843021423133 -0.353372347800836 -0.204938231113538 -0.532183035166235 -0.507813867101226 -0.348455190374534 -0.237248103004291 -0.565510263747886 -0.332438799072633 -0.496719525614724 -0.591070752787596 -0.423020873629019 -0.330678190010596 -0.394561452020344 -0.291088721615212 -0.714741110325276 -0.13374896947805 -0.532977526746518 -0.621375102362509 -0.629349320452488
-0.0816926580676933 -0.593922366591451 -0.455869108646104 -0.386411295931582 -0.0839585363228318 -0.231657725331711 -0.0396696412556966 -0.466309109808452 -0.52939561700168 -0.487059727546525 -0.365792556800845 -0.587857574586281 -0.363434782210494 -0.518168243922036 -0.378927103535567 -0.0652184583553841 -0.347219775248634 -0.0483202079180681 -0.730456171888121 -0.745152521804599
-0.443949644107927 -0.129657356518445 -0.35702691174551 -0.27944526627631 -0.330428900202024 -0.231977907041422 -0.524870251747823 -0.213366980342697 -0.328136111692817 -0.636919300105592 -0.615510622910352 -0.151028909226389 -0.0899375641969391 -0.341945065172664 -0.442877765912451 -0.577287579946753 -0.640262827890542 -0.520973292408261 -0.763578484477623 -0.218635976463157
-0.313556984424261 -0.0332639117437883 -0.420066230906468 -0.194510840545333 -0.123052080324643 -0.0511784793967315 -0.304690906143683 -0.23649314962681 -0.386463222108817 -0.000628816161510781 -0.666365964430787 -0.269957888667175 -0.433594248703302 -0.427705044260558 -0.344179899644643 -0.167521283429782 -0.53479498935623 -0.136546713056993 -0.533484592997068 -0.412497413208112
-0.486100429937062 -0.610344919715036 -0.237529847214511 -0.416393960732365 -0.2751374122681 -0.474062513512386 -0.491837753943384 -0.305478305990931 -0.481862130211181 -0.530130755279439 -0.682908185993248 -0.229159024425972 -0.390200553238569 -0.263240255285992 -0.577723827868173 -0.635453290163446 -0.655206768648666 -0.0488163226910083 -0.373847061664627 -0.387720929509074
-0.481547917534338 -0.0699471172628821 -0.553265762432808 -0.268967985434015 -0.598703131370736 -0.19782453231159 -0.285842172951033 -0.578423250870638 -0.713914622609803 -0.399707926042359 -0.636690004970115 -0.488595283415016 -0.119057253946907 -0.21178104391836 -0.200859687677517 -0.270377099095182 -0.3152421380814 -0.130109608926225 -0.715393289585069 -0.377935509142201
-0.242545586798149 -0.00904098929384098 -0.100831068809646 -0.0246181394719953 -0.00181650501372863 -0.285850061191569 -0.297897161541578 -0.154783231279054 -0.16942940716912 -0.124015137334757 -0.454603454300065 -0.233609882578656 -0.402794843990926 -0.112615106203257 -0.0710508849658424 -0.288939958358613 -0.379328138215272 -0.189909549958184 -0.374820227134338 1.32249487599449
-0.620886229942049 -0.00750862445833779 -0.24890535219108 -0.469621142339301 -0.441116730536815 -0.601642700554595 -0.54943821934167 -0.279038395256846 -0.161665251032602 -0.346375120343914 -0.508062112073506 -0.216064444753056 -0.379167023194295 -0.0577043128710066 -0.58203215380276 -0.576398750239949 -0.426250880097634 -0.245036683958779 -0.540709900412184 -0.531709364867082
-0.336340969064891 -0.0774300225402936 -0.347935955880979 -0.0280980335528622 -0.582063353752442 -0.471958301821152 -0.581313556845155 -0.465561965336765 -0.0444179233445569 -0.408804876760603 -0.511963341449494 -0.391891774373757 -0.000778452640390392 -0.00464058335325638 -0.521898602129262 -0.58197871145958 -0.0104124481609511 -0.0959884315480251 -0.286839426227273 -0.0708886243854409
-0.217286883519559 -0.253734721609248 -0.0735296526403233 -0.465783738307114 -0.366190629113954 -0.0494636270759422 -0.477217521225882 -0.161394229245642 -0.49452884793508 -0.0424189428479513 -0.0200303974129648 -0.258963632754448 -0.00198173418306094 -0.467080282639367 -0.00106937792165818 -0.0641310124851652 -0.405925514297298 -0.0790672914866486 -0.409071381763372 -0.370120834302189
-0.348566634900831 -0.395190038250369 -0.446513555992237 -0.267679399414047 -0.390149538505494 -0.499983232290636 -0.599839721178427 -0.347702377665278 -0.504385651168691 -0.591722481221887 -0.445314688440327 -0.508007842236583 -0.0533226465925729 -0.00789802546332993 -0.467225747115417 -0.534419219388957 -0.397612301675373 -0.561070742745929 -0.077170058558073 -0.547466858813396
-0.145498806736755 -0.121819771105019 -0.159477188184017 -0.0230141509571023 -0.138822050906068 -0.135864077080499 -0.131133825944139 -0.090253579948629 -0.12432597984602 -0.041923196441215 -0.15861496242861 -0.107708909223871 -0.0571187148997887 -0.1365686143959 -0.0163397926425318 -0.00016031418243756 -0.14958035200129 -0.138081659850883 2.29847017159701 -0.0947534887898879
0.180805972580191 -0.419721364483127 -0.426634918180082 -0.423603455195374 -0.283571334195291 -0.343145961266134 -0.427949430453694 -0.344056763581045 -0.418752343985149 -0.227487421690919 -0.427049573738573 -0.386515831965919 -0.207092509583829 -0.0542486001035042 -0.371539041594996 -0.386142414505021 -0.38264088602976 -0.363425459183215 -0.222217958318121 -0.437842961939293
-0.551445337833029 -0.322815624535964 -0.0707594409552003 -0.353142451807972 -0.542520354487291 -0.493750486486834 -0.578730950928182 -0.605077738141191 -0.581406643708907 -0.601707999848832 -0.615662369452871 -0.326460845353244 -0.527927557839774 -0.354214351967872 -0.538462672745615 -0.00178182843232955 -0.0179813939434326 -0.52252339191793 -0.34080889311506 -0.322497408542041
-0.268102496976729 -0.0908327154676931 -0.276038463802712 -0.22303413782735 -0.00234002630037702 -0.269967117038774 -0.288550750576441 -0.280782915242823 -0.0439617273791345 -0.131821382309894 -0.202037365246478 -0.0478985009130246 -0.289117276826385 -0.181522100540341 -0.289009518658189 -0.176106376737956 -0.231384513823304 2.04859043859291 -0.130645308790473 -0.295810263757097
-0.416622189735113 -0.393317903459475 -0.0949349667379972 -0.0694970044390796 -0.150323889757734 -0.502117548457788 -0.227647295147348 -0.497268843759061 -0.615619734455439 -0.622357113973247 -0.481231289841699 -0.58175105474855 -0.620802523742422 -0.562221941040776 -0.53908751368055 -0.000333914574145888 -0.314597830213202 -0.395646748023315 -0.57136891648936 -0.599993851281047
