0.00260083412748788 0.000554005346054644 0.00476511667661779 -0.00359051367932248 0.00153292549428633 -0.00112347528819098 -0.00165401471884467 -0.00339483203542227 0.00202812144994605 -0.000875153672442608 -0.00605495957862627 0.000130923995144593 0.00174890434796843 -0.00081655586941528 -0.000926476185210363 -0.00405583581015895 0.00134902511277633 0.00108276110937154 -0.00190292928634687 0.00860212846432673
0.0035475532489851 0.00140398244610863 -0.00107564441699444 0.000883445315185083 0.00123877468571216 0.000999961960442227 -0.00108816185236557 0.00113019472663733 0.00212257451277825 0.00151176786621412 -0.00201972514554666 -0.000850567475955226 -0.000455179300160756 -0.00060839703771883 -0.000614714479084461 0.000511045799623735 -0.00291180427689122 0.00301107671492009 -0.00224893678045023 -0.00448724651143933
0.00300997796730885 -0.00089134839940638 0.0010026854849942 0.000952476096961911 0.00325780296280173 -0.000965157088487438 3.36901363812094e-05 -0.00282487829736503 7.46063910099644e-05 -0.00106223813772054 0.00288742674687349 0.000450813648428064 -0.00109432574226385 -0.00255674456936069 -0.00196224406249487 0.00110988401269399 0.00183972241481937 -0.00068198011448487 -0.00437334196011382 0.00179317250942471
0.00384639421607215 -0.000305691290870803 0.000902111102219026 0.00102615078393133 -0.000201946163308374 -0.00234970290988668 0.00821363681987814 -0.00059584236962562 -0.000325199933095537 -0.000608574440916886 0.00185856230280412 0.0015871285750647 -0.00189064643804674 0.000330502317873609 -0.00165976212186039 0.000585774461577878 0.00288358684289937 -0.00436160961180655 -0.00342860033200483 -0.00550627181089791
0.000881317598247512 -0.00127909387427729 0.0012835929388002 0.000608893398350126 -0.00115022624209274 0.00126414501821186 -0.00156081057154526 -0.00268956023214016 -0.00096155618511653 0.00111544692779095 0.00234393468849116 -0.00175896476695551 -0.000730847546421274 -0.00168038311247629 0.000129651746426747 0.00438568575803617 0.00225784459658293 0.00104686654198223 -0.00384831686078438 0.000342380178889549
0.00311251056392718 -0.000269188363107088 0.00190133960005573 -0.00189365279932418 0.00234669617954537 0.000225040801116706 0.00069175895743263 0.0015678895499531 0.000490633949177043 -0.000277717304622234 -0.00189412404949292 -0.00152045348082025 0.00104290052744738 0.00187188369400611 -0.00100018876807736 0.00206438542758708 -0.00285705446282388 -0.000806013644515865 -0.00111052918730688 -0.00368611719015769
0.00140339705584696 -0.00101022368427812 0.000514511971754745 0.00206755583874287 0.00188572462456975 0.000989384652948278 0.000602666376782361 0.00233588354806142 -0.000924005756370814 -0.00180703011214962 -0.00255662915398941 0.00134859805725089 -0.000917045299894321 0.00120008233319827 -0.000771464753615001 0.00380361632458629 -0.000345971920601705 -0.00207369026999513 -0.0028346502663034 -0.00291070956654431
0.000269240616385113 0.00293569568220411 0.00175014288209126 0.00131916251888875 0.000274529670651658 0.000667149541779218 -0.000168469536447202 0.00182421073913684 -0.00232638789970564 -0.00197900420222807 0.00121034141122007 0.00287445677272011 0.00119840522196033 0.00223013868519919 -0.0012787250676247 -0.000230660197693342 -0.00111900987567563 -0.000190124046228658 -0.00453089614465786 -0.00473019677197556
0.0012735367685009 -0.000292518190608003 -0.000890268540722967 0.0006354828982616 -0.000794912116254856 -0.000509960523718307 0.00174565023221721 0.000465706872529163 -0.000787110201818045 -0.00258938664259814 -0.00241189149450818 -0.000333434735846896 0.000220185105985777 0.000835082500464254 0.00126806485494766 0.00211384288113684 0.00261778979488621 0.00172021299605696 -0.00380809064511006 -0.000477981813801127
0.00119466974024714 -0.000187221053421546 -0.00186929936778357 0.000684354812540183 0.000453011426524306 -0.000243208292600136 0.00114925798948243 -0.000842433500161644 0.00162803428896565 -2.36292161052666e-05 0.00573145288354246 0.000984230143589225 0.00197477973525195 0.00192825142138394 0.00136298268501432 -0.00059228960306215 -0.00292888483024678 0.000493921814917893 -0.00291463199219218 -0.00798334908588624
-0.00250135374115402 0.0039399332841093 -0.000870477301821913 -0.00189345251028476 0.00103603233522773 -0.00238620751975073 0.00255776185507642 -0.00118575994512341 -0.00246031827187796 -0.0029595602866664 0.00505872130698839 -0.000836284171174597 -0.00170009603479616 -0.000981422861626164 -0.00351922999575922 0.00428368846089889 0.00456631096916312 -0.000242750524375469 -0.00158824573406801 0.00168271068701495
-0.00221835342938264 -0.000276913581979974 -0.00290998344618204 -0.000909479740661799 0.00341822584018239 0.000646166280894364 -0.000981375686932813 0.00318488746979629 0.00494078429533607 0.0015962656358832 0.00388283697833003 -0.00228015973372539 -0.000409424329886497 -0.000693372924862733 -0.000656270549142581 0.000915327743130807 -0.00111708176193624 0.000440238510045375 -0.00511382098831717 -0.00145849658058864
0.00184145417123458 0.000194602102920528 -0.000823097167169988 0.000334506978125252 -8.55746484136155e-05 -0.0022457650805239 -0.00236917997663038 0.00117034538094328 -0.00127143239311778 -0.000968354232452379 0.00456373111474647 -0.0017649163990984 -0.00369946047552753 -0.000896357812395509 -0.000640445206878541 -0.00227693126584547 -0.0033569188025372 -0.00141925469634793 -0.00796288603277944 0.0216759344417479
-0.00504264725987262 0.000104398104948976 -0.0011214016188342 -0.00286303549982919 0.00255557721842157 0.00566210349740911 -0.00388119722609654 0.00128745331221883 -0.000719554807707164 0.00172720329136189 0.00332434912303851 -0.000957930505676214 0.00198280570365894 -0.000329690930702829 0.00436277014666337 -0.00427689962795597 0.00240656866657272 -0.00110125127453942 -0.00675463272730372 0.00363501241422395
-0.00186478672146108 0.000452613101292151 -0.00195928862784474 -0.000240189849710883 -0.00491682245800991 0.00738975149089498 0.0052232254825922 0.007473386691072 -0.000315016260101802 -0.0025255895621236 -0.00680513033868881 -0.00235562871494072 3.72090321826143e-05 -9.1785809754186e-05 0.00394816589494791 -0.00491535937591045 -0.000139602366723392 0.000528341834019267 0.00150240993081392 -0.000425903372545471
-0.0102633117353489 0.00160010404342914 0.000540661205051486 0.00393421938752435 -0.00850836768749145 0.000416944895174401 -0.00411553513614933 0.00100233929711232 -0.00610564453537909 0.000379174716816717 0.000245849916963513 -0.00163928018114401 7.37375956545743e-05 0.00395444711430904 5.40352970026509e-05 -0.000492946723050893 0.00790935786106293 -0.000568626617939755 0.00313025950548381 0.00845258178091851
-0.00180979388156855 0.00219987506076643 -0.00271109174018809 -0.00126949295921494 -0.00215447554047413 0.00334571641828849 -0.00540488837837335 -0.00180316390159037 0.00713983162053114 0.00563795604538746 -0.00269808707938555 0.00345031503241356 -0.000325327458954776 0.000111265597089844 0.00294415097867256 -0.00381183684158109 -0.00222197694117175 -0.00420309638771503 -0.000415983925347586 0.00400010428241572
-0.00685938696732518 -0.00967879071593943 -0.00510007337728896 -0.00133343791546095 -0.00767402201150918 -0.00802985945758975 -0.00419810738404229 -0.00313837525833704 -0.00938931771066297 -0.00189015280774311 -0.00521078561202598 -0.00358424587560183 -0.00229415854082287 -0.00434407680826938 0.00110412131453498 -0.000104787267384552 -0.0063533750684995 -0.0077633770466378 0.0985245040829582 -0.0126822955723525
-0.0159813937464254 -0.00576519731243933 -0.00477047092341252 0.00561431150941427 -0.00950055801882369 0.00337179354147214 0.00543991818137704 0.00338489907606949 0.00461994215317896 0.0105915310975387 0.00547652624404399 0.00404614523627083 0.0018130571767962 -0.000627097299564834 0.00380126348720998 -0.00691916056006442 -0.0039815155380419 -0.00758641269399071 0.00195405621225718 0.00501836217713403
-0.00393342225650503 0.001570755372543 0.000379765836198701 0.00178825689636934 -0.00380667940955653 -0.00316530062507963 -0.00433839833426362 0.00475388570055058 -0.00437950980004983 0.0056151844372709 -0.00518208189095726 0.00159566759424597 0.0036056380139136 0.00179638658097189 0.00375000346454657 5.03929027755878e-05 0.000167074153132486 -0.00353315247134111 0.00169693792017049 0.00156859591506389
-0.00671623372187127 0.00161933861618408 -0.00625131994724445 -0.00356587488276751 0.000206804136483113 -0.00660828400805285 0.00548755161007574 0.00596631661730028 -0.000999292788763768 -0.00216548168574302 -0.00321230311419251 -0.00105370188997925 -0.00484518460837428 -0.00288691855906304 0.0048428602736205 -0.0112807962771211 -0.00869980202778519 0.0473372556108079 -0.00214933982510894 -0.00502559352840443
-0.00228282888129731 -0.00207439386263713 -0.000458749903224401 0.000367861582623001 -0.000664859112178272 0.00320559794216171 -0.000999997915825517 0.00314629376385298 0.00483099353132865 -0.0051516853963556 0.00295620323729208 -0.0042996160118851 0.0049156617160989 -0.00401076364750472 0.00368565530580802 -2.1308691507302e-05 -0.00148630912544207 -0.00209441310613619 -0.00414443314087321 0.00458109171570147
